--- scanner 0 ---
-618,-824,-621
-537,-823,-458
-447,-329,318
404,-588,-901
544,-627,-890
528,-643,409
-661,-816,-575
390,-675,-793
423,-701,434
-345,-311,381
459,-707,401
-485,-357,347

--- scanner 1 ---
686,422,578
605,423,415
515,917,-361
-336,658,858
-476,619,847
-460,603,-452
729,430,532
-322,571,750
-355,545,-477
413,935,-424
-391,539,-444
553,889,-390

--- scanner 2 ---
649,640,665
682,-795,504
-784,533,-524
-644,584,-595
-588,-843,648
-30,6,44
-674,560,763
500,723,-460
609,671,-379
-555,-800,653
-675,-892,-343
697,-426,-610
578,704,681
493,664,-388
-671,-858,530
-667,343,800
571,-461,-707
-138,-166,112
-889,563,-600
646,-828,498
640,759,510
-630,509,768
-681,-892,-333
673,-379,-804
-742,-814,-386
577,-820,562

--- scanner 3 ---
-589,542,597
605,-692,669
-500,565,-823
-660,373,557
-458,-679,-417
-488,449,543
-626,468,-788
338,-750,-386
528,-832,-391
562,-778,733
-938,-730,414
543,643,-506
-524,371,-870
407,773,750
-104,29,83
378,-903,-323
-778,-728,485
426,699,580
-438,-605,-362
-469,-447,-387
509,732,623
647,635,-688
-868,-804,481
614,-800,639
595,780,-596

--- scanner 4 ---
459,-707,401
-739,-1745,668
-485,-357,347
432,-2009,850
528,-643,409
423,-701,434
-345,-311,381
408,-1815,803
534,-1912,768
-687,-1600,576
-447,-329,318
-635,-1737,486